(kicad_pcb (version 20171130) (host pcbnew "(5.0.0)")

  (general
    (thickness 1.6)
    (drawings 0)
    (tracks 352)
    (zones 0)
    (modules 310)
    (nets 247)
  )

  (page A3)
  (title_block
    (title split_65)
    (date 2019-01-04)
    (rev 1.0)
    (company jtallbean)
  )

  (layers
    (0 F.Cu signal)
    (31 B.Cu signal)
    (32 B.Adhes user)
    (33 F.Adhes user)
    (34 B.Paste user)
    (35 F.Paste user)
    (36 B.SilkS user)
    (37 F.SilkS user)
    (38 B.Mask user)
    (39 F.Mask user)
    (40 Dwgs.User user)
    (41 Cmts.User user)
    (42 Eco1.User user)
    (43 Eco2.User user)
    (44 Edge.Cuts user)
    (45 Margin user)
    (46 B.CrtYd user)
    (47 F.CrtYd user)
    (48 B.Fab user)
    (49 F.Fab user)
  )

  (setup
    (last_trace_width 0.254)
    (user_trace_width 0.254)
    (user_trace_width 0.381)
    (user_trace_width 0.635)
    (trace_clearance 0.1778)
    (zone_clearance 0.381)
    (zone_45_only no)
    (trace_min 0.2)
    (segment_width 0.2)
    (edge_width 0.15)
    (via_size 0.8)
    (via_drill 0.4)
    (via_min_size 0.4)
    (via_min_drill 0.3)
    (uvia_size 0.3)
    (uvia_drill 0.1)
    (uvias_allowed no)
    (uvia_min_size 0.2)
    (uvia_min_drill 0.1)
    (pcb_text_width 0.3)
    (pcb_text_size 1.5 1.5)
    (mod_edge_width 0.15)
    (mod_text_size 1 1)
    (mod_text_width 0.15)
    (pad_size 1.524 1.524)
    (pad_drill 0.762)
    (pad_to_mask_clearance 0.2)
    (aux_axis_origin 0 0)
    (visible_elements 7FFFF7FF)
    (pcbplotparams
      (layerselection 0x010fc_ffffffff)
      (usegerberextensions true)
      (usegerberattributes false)
      (usegerberadvancedattributes false)
      (creategerberjobfile false)
      (excludeedgelayer true)
      (linewidth 0.100000)
      (plotframeref false)
      (viasonmask false)
      (mode 1)
      (useauxorigin false)
      (hpglpennumber 1)
      (hpglpenspeed 20)
      (hpglpendiameter 15.000000)
      (psnegative false)
      (psa4output false)
      (plotreference true)
      (plotvalue true)
      (plotinvisibletext false)
      (padsonsilk false)
      (subtractmaskfromsilk true)
      (outputformat 1)
      (mirror false)
      (drillshape 0)
      (scaleselection 1)
      (outputdirectory "Gerber/"))
  )

  (net 0 "")
  (net 1 GND)
  (net 2 "Net-(C1-Pad1)")
  (net 3 "Net-(C2-Pad1)")
  (net 4 "Net-(C3-Pad1)")
  (net 5 +5V)
  (net 6 ROW0)
  (net 7 "Net-(D1-Pad2)")
  (net 8 "Net-(D2-Pad2)")
  (net 9 "Net-(D3-Pad2)")
  (net 10 "Net-(D4-Pad2)")
  (net 11 "Net-(D5-Pad2)")
  (net 12 "Net-(D6-Pad2)")
  (net 13 "Net-(D7-Pad2)")
  (net 14 "Net-(D8-Pad2)")
  (net 15 ROW1)
  (net 16 "Net-(D9-Pad2)")
  (net 17 "Net-(D10-Pad2)")
  (net 18 "Net-(D11-Pad2)")
  (net 19 "Net-(D12-Pad2)")
  (net 20 "Net-(D13-Pad2)")
  (net 21 "Net-(D14-Pad2)")
  (net 22 "Net-(D15-Pad2)")
  (net 23 ROW2)
  (net 24 "Net-(D16-Pad2)")
  (net 25 "Net-(D17-Pad2)")
  (net 26 "Net-(D18-Pad2)")
  (net 27 "Net-(D19-Pad2)")
  (net 28 "Net-(D20-Pad2)")
  (net 29 "Net-(D21-Pad2)")
  (net 30 ROW3)
  (net 31 "Net-(D22-Pad2)")
  (net 32 "Net-(D23-Pad2)")
  (net 33 "Net-(D24-Pad2)")
  (net 34 "Net-(D25-Pad2)")
  (net 35 "Net-(D26-Pad2)")
  (net 36 "Net-(D27-Pad2)")
  (net 37 "Net-(D28-Pad2)")
  (net 38 "Net-(D29-Pad2)")
  (net 39 ROW4)
  (net 40 "Net-(D30-Pad2)")
  (net 41 "Net-(D31-Pad2)")
  (net 42 "Net-(D32-Pad2)")
  (net 43 "Net-(D33-Pad2)")
  (net 44 "Net-(D34-Pad2)")
  (net 45 "Net-(D35-Pad2)")
  (net 46 VCC)
  (net 47 SCL)
  (net 48 SDA)
  (net 49 COL0)
  (net 50 "Net-(MX1-Pad4)")
  (net 51 "Net-(MX2-Pad4)")
  (net 52 COL1)
  (net 53 COL2)
  (net 54 "Net-(MX3-Pad4)")
  (net 55 COL3)
  (net 56 "Net-(MX4-Pad4)")
  (net 57 "Net-(MX5-Pad4)")
  (net 58 COL4)
  (net 59 "Net-(MX6-Pad4)")
  (net 60 COL5)
  (net 61 "Net-(MX7-Pad4)")
  (net 62 COL6)
  (net 63 "Net-(MX8-Pad4)")
  (net 64 "Net-(MX9-Pad4)")
  (net 65 "Net-(MX10-Pad4)")
  (net 66 "Net-(MX11-Pad4)")
  (net 67 "Net-(MX12-Pad4)")
  (net 68 "Net-(MX13-Pad4)")
  (net 69 "Net-(MX14-Pad4)")
  (net 70 "Net-(MX15-Pad4)")
  (net 71 "Net-(MX16-Pad4)")
  (net 72 "Net-(MX18-Pad4)")
  (net 73 "Net-(MX19-Pad4)")
  (net 74 "Net-(MX20-Pad4)")
  (net 75 "Net-(MX21-Pad4)")
  (net 76 "Net-(MX22-Pad4)")
  (net 77 "Net-(MX23-Pad4)")
  (net 78 "Net-(MX24-Pad4)")
  (net 79 "Net-(MX25-Pad4)")
  (net 80 "Net-(MX26-Pad4)")
  (net 81 "Net-(MX27-Pad4)")
  (net 82 "Net-(MX28-Pad4)")
  (net 83 "Net-(MX29-Pad4)")
  (net 84 "Net-(MX30-Pad4)")
  (net 85 "Net-(MX31-Pad4)")
  (net 86 "Net-(MX33-Pad4)")
  (net 87 RESET)
  (net 88 LEDGND)
  (net 89 "Net-(Q1-Pad1)")
  (net 90 LEDPWM)
  (net 91 D+)
  (net 92 "Net-(R42-Pad2)")
  (net 93 D-)
  (net 94 "Net-(R44-Pad1)")
  (net 95 "Net-(U1-Pad42)")
  (net 96 "Net-(U1-Pad20)")
  (net 97 MISO)
  (net 98 MOSI)
  (net 99 SCK)
  (net 100 "Net-(U1-Pad8)")
  (net 101 "Net-(USB1-Pad9)")
  (net 102 "Net-(USB1-Pad3)")
  (net 103 "Net-(R41-Pad2)")
  (net 104 "Net-(C8-Pad1)")
  (net 105 GNDA)
  (net 106 "Net-(C9-Pad1)")
  (net 107 "Net-(C10-Pad1)")
  (net 108 +5VA)
  (net 109 "Net-(D36-Pad2)")
  (net 110 ROW0-R)
  (net 111 "Net-(D38-Pad2)")
  (net 112 "Net-(D39-Pad2)")
  (net 113 "Net-(D40-Pad2)")
  (net 114 "Net-(D41-Pad2)")
  (net 115 "Net-(D42-Pad2)")
  (net 116 "Net-(D43-Pad2)")
  (net 117 ROW1-R)
  (net 118 "Net-(D44-Pad2)")
  (net 119 "Net-(D45-Pad2)")
  (net 120 "Net-(D46-Pad2)")
  (net 121 "Net-(D47-Pad2)")
  (net 122 "Net-(D48-Pad2)")
  (net 123 "Net-(D49-Pad2)")
  (net 124 "Net-(D50-Pad2)")
  (net 125 ROW2-R)
  (net 126 "Net-(D51-Pad2)")
  (net 127 "Net-(D52-Pad2)")
  (net 128 "Net-(D53-Pad2)")
  (net 129 "Net-(D54-Pad2)")
  (net 130 "Net-(D55-Pad2)")
  (net 131 "Net-(D56-Pad2)")
  (net 132 ROW3-R)
  (net 133 "Net-(D57-Pad2)")
  (net 134 "Net-(D58-Pad2)")
  (net 135 "Net-(D59-Pad2)")
  (net 136 "Net-(D60-Pad2)")
  (net 137 "Net-(D61-Pad2)")
  (net 138 "Net-(D62-Pad2)")
  (net 139 "Net-(D63-Pad2)")
  (net 140 ROW4-R)
  (net 141 "Net-(D64-Pad2)")
  (net 142 "Net-(D65-Pad2)")
  (net 143 "Net-(D66-Pad2)")
  (net 144 "Net-(D67-Pad2)")
  (net 145 "Net-(D68-Pad2)")
  (net 146 "Net-(D69-Pad2)")
  (net 147 "Net-(D70-Pad2)")
  (net 148 VDD)
  (net 149 SCL-R)
  (net 150 SDA-R)
  (net 151 MISO-R)
  (net 152 SCK-R)
  (net 153 MOSI-R)
  (net 154 RESET-R)
  (net 155 COL0-R)
  (net 156 COL1-R)
  (net 157 "Net-(MX36-Pad4)")
  (net 158 COL2-R)
  (net 159 "Net-(MX38-Pad4)")
  (net 160 COL3-R)
  (net 161 "Net-(MX39-Pad4)")
  (net 162 COL4-R)
  (net 163 COL5-R)
  (net 164 "Net-(MX40-Pad4)")
  (net 165 "Net-(MX41-Pad4)")
  (net 166 COL6-R)
  (net 167 "Net-(MX42-Pad4)")
  (net 168 "Net-(MX43-Pad4)")
  (net 169 "Net-(MX44-Pad4)")
  (net 170 "Net-(MX45-Pad4)")
  (net 171 "Net-(MX47-Pad4)")
  (net 172 "Net-(MX48-Pad4)")
  (net 173 "Net-(MX49-Pad4)")
  (net 174 "Net-(MX50-Pad4)")
  (net 175 "Net-(MX51-Pad4)")
  (net 176 "Net-(MX52-Pad4)")
  (net 177 "Net-(MX53-Pad4)")
  (net 178 "Net-(MX54-Pad4)")
  (net 179 "Net-(MX55-Pad4)")
  (net 180 "Net-(MX56-Pad4)")
  (net 181 "Net-(MX57-Pad4)")
  (net 182 "Net-(MX58-Pad4)")
  (net 183 "Net-(MX59-Pad4)")
  (net 184 "Net-(MX60-Pad4)")
  (net 185 "Net-(MX61-Pad4)")
  (net 186 "Net-(MX62-Pad4)")
  (net 187 "Net-(MX63-Pad4)")
  (net 188 "Net-(MX64-Pad4)")
  (net 189 "Net-(MX65-Pad4)")
  (net 190 "Net-(MX66-Pad4)")
  (net 191 "Net-(MX67-Pad4)")
  (net 192 "Net-(MX68-Pad4)")
  (net 193 LEDGND-R)
  (net 194 "Net-(Q2-Pad1)")
  (net 195 LEDPWM-R)
  (net 196 D+-R)
  (net 197 D--R)
  (net 198 "Net-(U3-Pad42)")
  (net 199 "Net-(U3-Pad21)")
  (net 200 "Net-(U3-Pad20)")
  (net 201 "Net-(U3-Pad8)")
  (net 202 "Net-(USB2-Pad9)")
  (net 203 "Net-(USB2-Pad3)")
  (net 204 HDETECT)
  (net 205 HDETECT-R)
  (net 206 "Net-(D71-Pad2)")
  (net 207 "Net-(D72-Pad2)")
  (net 208 "Net-(D73-Pad2)")
  (net 209 "Net-(D74-Pad2)")
  (net 210 LEDIND-2)
  (net 211 LEDIND-2-R)
  (net 212 LEDIND-1)
  (net 213 LEDIND-3)
  (net 214 LEDIND-1-R)
  (net 215 LEDIND-3-R)
  (net 216 VBUS)
  (net 217 VDC)
  (net 218 "Net-(U1-Pad1)")
  (net 219 "Net-(D75-Pad2)")
  (net 220 "Net-(D76-Pad2)")
  (net 221 "Net-(D77-Pad2)")
  (net 222 "Net-(D78-Pad2)")
  (net 223 "Net-(D79-Pad2)")
  (net 224 "Net-(D80-Pad2)")
  (net 225 "Net-(D81-Pad2)")
  (net 226 COL7-R)
  (net 227 COL8-R)
  (net 228 "Net-(MX69-Pad4)")
  (net 229 "Net-(MX70-Pad4)")
  (net 230 "Net-(MX71-Pad4)")
  (net 231 "Net-(MX72-Pad4)")
  (net 232 "Net-(MX73-Pad4)")
  (net 233 "Net-(MX75-Pad4)")
  (net 234 "Net-(MX76-Pad4)")
  (net 235 "Net-(MX78-Pad4)")
  (net 236 "Net-(MX80-Pad4)")
  (net 237 "Net-(MX81-Pad4)")
  (net 238 "Net-(MX82-Pad4)")
  (net 239 "Net-(R24-Pad2)")
  (net 240 "Net-(R45-Pad1)")
  (net 241 "Net-(R72-Pad2)")
  (net 242 "Net-(R92-Pad2)")
  (net 243 "Net-(R93-Pad2)")
  (net 244 "Net-(R95-Pad1)")
  (net 245 "Net-(R96-Pad1)")
  (net 246 "Net-(MX34-Pad4)")

  (net_class Default "This is the default net class."
    (clearance 0.1778)
    (trace_width 0.254)
    (via_dia 0.8)
    (via_drill 0.4)
    (uvia_dia 0.3)
    (uvia_drill 0.1)
    (add_net COL0)
    (add_net COL0-R)
    (add_net COL1)
    (add_net COL1-R)
    (add_net COL2)
    (add_net COL2-R)
    (add_net COL3)
    (add_net COL3-R)
    (add_net COL4)
    (add_net COL4-R)
    (add_net COL5)
    (add_net COL5-R)
    (add_net COL6)
    (add_net COL6-R)
    (add_net COL7-R)
    (add_net COL8-R)
    (add_net D+)
    (add_net D+-R)
    (add_net D-)
    (add_net D--R)
    (add_net HDETECT)
    (add_net HDETECT-R)
    (add_net LEDIND-1)
    (add_net LEDIND-1-R)
    (add_net LEDIND-2)
    (add_net LEDIND-2-R)
    (add_net LEDIND-3)
    (add_net LEDIND-3-R)
    (add_net LEDPWM)
    (add_net LEDPWM-R)
    (add_net MISO)
    (add_net MISO-R)
    (add_net MOSI)
    (add_net MOSI-R)
    (add_net "Net-(C1-Pad1)")
    (add_net "Net-(C10-Pad1)")
    (add_net "Net-(C2-Pad1)")
    (add_net "Net-(C3-Pad1)")
    (add_net "Net-(C8-Pad1)")
    (add_net "Net-(C9-Pad1)")
    (add_net "Net-(D1-Pad2)")
    (add_net "Net-(D10-Pad2)")
    (add_net "Net-(D11-Pad2)")
    (add_net "Net-(D12-Pad2)")
    (add_net "Net-(D13-Pad2)")
    (add_net "Net-(D14-Pad2)")
    (add_net "Net-(D15-Pad2)")
    (add_net "Net-(D16-Pad2)")
    (add_net "Net-(D17-Pad2)")
    (add_net "Net-(D18-Pad2)")
    (add_net "Net-(D19-Pad2)")
    (add_net "Net-(D2-Pad2)")
    (add_net "Net-(D20-Pad2)")
    (add_net "Net-(D21-Pad2)")
    (add_net "Net-(D22-Pad2)")
    (add_net "Net-(D23-Pad2)")
    (add_net "Net-(D24-Pad2)")
    (add_net "Net-(D25-Pad2)")
    (add_net "Net-(D26-Pad2)")
    (add_net "Net-(D27-Pad2)")
    (add_net "Net-(D28-Pad2)")
    (add_net "Net-(D29-Pad2)")
    (add_net "Net-(D3-Pad2)")
    (add_net "Net-(D30-Pad2)")
    (add_net "Net-(D31-Pad2)")
    (add_net "Net-(D32-Pad2)")
    (add_net "Net-(D33-Pad2)")
    (add_net "Net-(D34-Pad2)")
    (add_net "Net-(D35-Pad2)")
    (add_net "Net-(D36-Pad2)")
    (add_net "Net-(D38-Pad2)")
    (add_net "Net-(D39-Pad2)")
    (add_net "Net-(D4-Pad2)")
    (add_net "Net-(D40-Pad2)")
    (add_net "Net-(D41-Pad2)")
    (add_net "Net-(D42-Pad2)")
    (add_net "Net-(D43-Pad2)")
    (add_net "Net-(D44-Pad2)")
    (add_net "Net-(D45-Pad2)")
    (add_net "Net-(D46-Pad2)")
    (add_net "Net-(D47-Pad2)")
    (add_net "Net-(D48-Pad2)")
    (add_net "Net-(D49-Pad2)")
    (add_net "Net-(D5-Pad2)")
    (add_net "Net-(D50-Pad2)")
    (add_net "Net-(D51-Pad2)")
    (add_net "Net-(D52-Pad2)")
    (add_net "Net-(D53-Pad2)")
    (add_net "Net-(D54-Pad2)")
    (add_net "Net-(D55-Pad2)")
    (add_net "Net-(D56-Pad2)")
    (add_net "Net-(D57-Pad2)")
    (add_net "Net-(D58-Pad2)")
    (add_net "Net-(D59-Pad2)")
    (add_net "Net-(D6-Pad2)")
    (add_net "Net-(D60-Pad2)")
    (add_net "Net-(D61-Pad2)")
    (add_net "Net-(D62-Pad2)")
    (add_net "Net-(D63-Pad2)")
    (add_net "Net-(D64-Pad2)")
    (add_net "Net-(D65-Pad2)")
    (add_net "Net-(D66-Pad2)")
    (add_net "Net-(D67-Pad2)")
    (add_net "Net-(D68-Pad2)")
    (add_net "Net-(D69-Pad2)")
    (add_net "Net-(D7-Pad2)")
    (add_net "Net-(D70-Pad2)")
    (add_net "Net-(D71-Pad2)")
    (add_net "Net-(D72-Pad2)")
    (add_net "Net-(D73-Pad2)")
    (add_net "Net-(D74-Pad2)")
    (add_net "Net-(D75-Pad2)")
    (add_net "Net-(D76-Pad2)")
    (add_net "Net-(D77-Pad2)")
    (add_net "Net-(D78-Pad2)")
    (add_net "Net-(D79-Pad2)")
    (add_net "Net-(D8-Pad2)")
    (add_net "Net-(D80-Pad2)")
    (add_net "Net-(D81-Pad2)")
    (add_net "Net-(D9-Pad2)")
    (add_net "Net-(MX1-Pad4)")
    (add_net "Net-(MX10-Pad4)")
    (add_net "Net-(MX11-Pad4)")
    (add_net "Net-(MX12-Pad4)")
    (add_net "Net-(MX13-Pad4)")
    (add_net "Net-(MX14-Pad4)")
    (add_net "Net-(MX15-Pad4)")
    (add_net "Net-(MX16-Pad4)")
    (add_net "Net-(MX18-Pad4)")
    (add_net "Net-(MX19-Pad4)")
    (add_net "Net-(MX2-Pad4)")
    (add_net "Net-(MX20-Pad4)")
    (add_net "Net-(MX21-Pad4)")
    (add_net "Net-(MX22-Pad4)")
    (add_net "Net-(MX23-Pad4)")
    (add_net "Net-(MX24-Pad4)")
    (add_net "Net-(MX25-Pad4)")
    (add_net "Net-(MX26-Pad4)")
    (add_net "Net-(MX27-Pad4)")
    (add_net "Net-(MX28-Pad4)")
    (add_net "Net-(MX29-Pad4)")
    (add_net "Net-(MX3-Pad4)")
    (add_net "Net-(MX30-Pad4)")
    (add_net "Net-(MX31-Pad4)")
    (add_net "Net-(MX33-Pad4)")
    (add_net "Net-(MX34-Pad4)")
    (add_net "Net-(MX36-Pad4)")
    (add_net "Net-(MX38-Pad4)")
    (add_net "Net-(MX39-Pad4)")
    (add_net "Net-(MX4-Pad4)")
    (add_net "Net-(MX40-Pad4)")
    (add_net "Net-(MX41-Pad4)")
    (add_net "Net-(MX42-Pad4)")
    (add_net "Net-(MX43-Pad4)")
    (add_net "Net-(MX44-Pad4)")
    (add_net "Net-(MX45-Pad4)")
    (add_net "Net-(MX47-Pad4)")
    (add_net "Net-(MX48-Pad4)")
    (add_net "Net-(MX49-Pad4)")
    (add_net "Net-(MX5-Pad4)")
    (add_net "Net-(MX50-Pad4)")
    (add_net "Net-(MX51-Pad4)")
    (add_net "Net-(MX52-Pad4)")
    (add_net "Net-(MX53-Pad4)")
    (add_net "Net-(MX54-Pad4)")
    (add_net "Net-(MX55-Pad4)")
    (add_net "Net-(MX56-Pad4)")
    (add_net "Net-(MX57-Pad4)")
    (add_net "Net-(MX58-Pad4)")
    (add_net "Net-(MX59-Pad4)")
    (add_net "Net-(MX6-Pad4)")
    (add_net "Net-(MX60-Pad4)")
    (add_net "Net-(MX61-Pad4)")
    (add_net "Net-(MX62-Pad4)")
    (add_net "Net-(MX63-Pad4)")
    (add_net "Net-(MX64-Pad4)")
    (add_net "Net-(MX65-Pad4)")
    (add_net "Net-(MX66-Pad4)")
    (add_net "Net-(MX67-Pad4)")
    (add_net "Net-(MX68-Pad4)")
    (add_net "Net-(MX69-Pad4)")
    (add_net "Net-(MX7-Pad4)")
    (add_net "Net-(MX70-Pad4)")
    (add_net "Net-(MX71-Pad4)")
    (add_net "Net-(MX72-Pad4)")
    (add_net "Net-(MX73-Pad4)")
    (add_net "Net-(MX75-Pad4)")
    (add_net "Net-(MX76-Pad4)")
    (add_net "Net-(MX78-Pad4)")
    (add_net "Net-(MX8-Pad4)")
    (add_net "Net-(MX80-Pad4)")
    (add_net "Net-(MX81-Pad4)")
    (add_net "Net-(MX82-Pad4)")
    (add_net "Net-(MX9-Pad4)")
    (add_net "Net-(Q1-Pad1)")
    (add_net "Net-(Q2-Pad1)")
    (add_net "Net-(R24-Pad2)")
    (add_net "Net-(R41-Pad2)")
    (add_net "Net-(R42-Pad2)")
    (add_net "Net-(R44-Pad1)")
    (add_net "Net-(R45-Pad1)")
    (add_net "Net-(R72-Pad2)")
    (add_net "Net-(R92-Pad2)")
    (add_net "Net-(R93-Pad2)")
    (add_net "Net-(R95-Pad1)")
    (add_net "Net-(R96-Pad1)")
    (add_net "Net-(U1-Pad1)")
    (add_net "Net-(U1-Pad20)")
    (add_net "Net-(U1-Pad42)")
    (add_net "Net-(U1-Pad8)")
    (add_net "Net-(U3-Pad20)")
    (add_net "Net-(U3-Pad21)")
    (add_net "Net-(U3-Pad42)")
    (add_net "Net-(U3-Pad8)")
    (add_net "Net-(USB1-Pad3)")
    (add_net "Net-(USB1-Pad9)")
    (add_net "Net-(USB2-Pad3)")
    (add_net "Net-(USB2-Pad9)")
    (add_net RESET)
    (add_net RESET-R)
    (add_net ROW0)
    (add_net ROW0-R)
    (add_net ROW1)
    (add_net ROW1-R)
    (add_net ROW2)
    (add_net ROW2-R)
    (add_net ROW3)
    (add_net ROW3-R)
    (add_net ROW4)
    (add_net ROW4-R)
    (add_net SCK)
    (add_net SCK-R)
    (add_net SCL)
    (add_net SCL-R)
    (add_net SDA)
    (add_net SDA-R)
  )

  (net_class POWER ""
    (clearance 0.1778)
    (trace_width 0.381)
    (via_dia 0.8)
    (via_drill 0.4)
    (uvia_dia 0.3)
    (uvia_drill 0.1)
    (add_net +5V)
    (add_net +5VA)
    (add_net GND)
    (add_net GNDA)
    (add_net LEDGND)
    (add_net LEDGND-R)
    (add_net VBUS)
    (add_net VCC)
    (add_net VDC)
    (add_net VDD)
  )

  (module Capacitor_SMD:C_0603_1608Metric (layer B.Cu) (tedit 5B301BBE) (tstamp 5C2AE1BA)
    (at 227.891321 227.008923 180)
    (descr "Capacitor SMD 0603 (1608 Metric), square (rectangular) end terminal, IPC_7351 nominal, (Body size source: http://www.tortai-tech.com/upload/download/2011102023233369053.pdf), generated with kicad-footprint-generator")
    (tags capacitor)
    (path /5B8AAE7A)
    (attr smd)
    (fp_text reference C1 (at 0 1.43 180) (layer B.SilkS)
      (effects (font (size 1 1) (thickness 0.15)) (justify mirror))
    )
    (fp_text value 22pF (at 0 -1.43 180) (layer B.Fab)
      (effects (font (size 1 1) (thickness 0.15)) (justify mirror))
    )
    (fp_line (start -0.8 -0.4) (end -0.8 0.4) (layer B.Fab) (width 0.1))
    (fp_line (start -0.8 0.4) (end 0.8 0.4) (layer B.Fab) (width 0.1))
    (fp_line (start 0.8 0.4) (end 0.8 -0.4) (layer B.Fab) (width 0.1))
    (fp_line (start 0.8 -0.4) (end -0.8 -0.4) (layer B.Fab) (width 0.1))
    (fp_line (start -0.162779 0.51) (end 0.162779 0.51) (layer B.SilkS) (width 0.12))
    (fp_line (start -0.162779 -0.51) (end 0.162779 -0.51) (layer B.SilkS) (width 0.12))
    (fp_line (start -1.48 -0.73) (end -1.48 0.73) (layer B.CrtYd) (width 0.05))
    (fp_line (start -1.48 0.73) (end 1.48 0.73) (layer B.CrtYd) (width 0.05))
    (fp_line (start 1.48 0.73) (end 1.48 -0.73) (layer B.CrtYd) (width 0.05))
    (fp_line (start 1.48 -0.73) (end -1.48 -0.73) (layer B.CrtYd) (width 0.05))
    (fp_text user %R (at 0 0 180) (layer B.Fab)
      (effects (font (size 0.4 0.4) (thickness 0.06)) (justify mirror))
    )
    (pad 1 smd roundrect (at -0.7875 0 180) (size 0.875 0.95) (layers B.Cu B.Paste B.Mask) (roundrect_rratio 0.25)
      (net 2 "Net-(C1-Pad1)"))
    (pad 2 smd roundrect (at 0.7875 0 180) (size 0.875 0.95) (layers B.Cu B.Paste B.Mask) (roundrect_rratio 0.25)
      (net 1 GND))
    (model ${KISYS3DMOD}/Capacitor_SMD.3dshapes/C_0603_1608Metric.wrl
      (at (xyz 0 0 0))
      (scale (xyz 1 1 1))
      (rotate (xyz 0 0 0))
    )
  )

  (module Capacitor_SMD:C_0603_1608Metric (layer B.Cu) (tedit 5B301BBE) (tstamp 5C2AE1CB)
    (at 212.841321 227.008923 180)
    (descr "Capacitor SMD 0603 (1608 Metric), square (rectangular) end terminal, IPC_7351 nominal, (Body size source: http://www.tortai-tech.com/upload/download/2011102023233369053.pdf), generated with kicad-footprint-generator")
    (tags capacitor)
    (path /5B8AAEDF)
    (attr smd)
    (fp_text reference C2 (at 0 1.43 180) (layer B.SilkS)
      (effects (font (size 1 1) (thickness 0.15)) (justify mirror))
    )
    (fp_text value 22pF (at 0 -1.43 180) (layer B.Fab)
      (effects (font (size 1 1) (thickness 0.15)) (justify mirror))
    )
    (fp_text user %R (at 0 0 180) (layer B.Fab)
      (effects (font (size 0.4 0.4) (thickness 0.06)) (justify mirror))
    )
    (fp_line (start 1.48 -0.73) (end -1.48 -0.73) (layer B.CrtYd) (width 0.05))
    (fp_line (start 1.48 0.73) (end 1.48 -0.73) (layer B.CrtYd) (width 0.05))
    (fp_line (start -1.48 0.73) (end 1.48 0.73) (layer B.CrtYd) (width 0.05))
    (fp_line (start -1.48 -0.73) (end -1.48 0.73) (layer B.CrtYd) (width 0.05))
    (fp_line (start -0.162779 -0.51) (end 0.162779 -0.51) (layer B.SilkS) (width 0.12))
    (fp_line (start -0.162779 0.51) (end 0.162779 0.51) (layer B.SilkS) (width 0.12))
    (fp_line (start 0.8 -0.4) (end -0.8 -0.4) (layer B.Fab) (width 0.1))
    (fp_line (start 0.8 0.4) (end 0.8 -0.4) (layer B.Fab) (width 0.1))
    (fp_line (start -0.8 0.4) (end 0.8 0.4) (layer B.Fab) (width 0.1))
    (fp_line (start -0.8 -0.4) (end -0.8 0.4) (layer B.Fab) (width 0.1))
    (pad 2 smd roundrect (at 0.7875 0 180) (size 0.875 0.95) (layers B.Cu B.Paste B.Mask) (roundrect_rratio 0.25)
      (net 1 GND))
    (pad 1 smd roundrect (at -0.7875 0 180) (size 0.875 0.95) (layers B.Cu B.Paste B.Mask) (roundrect_rratio 0.25)
      (net 3 "Net-(C2-Pad1)"))
    (model ${KISYS3DMOD}/Capacitor_SMD.3dshapes/C_0603_1608Metric.wrl
      (at (xyz 0 0 0))
      (scale (xyz 1 1 1))
      (rotate (xyz 0 0 0))
    )
  )

  (module Capacitor_SMD:C_0603_1608Metric (layer B.Cu) (tedit 5B301BBE) (tstamp 5C2AE1DC)
    (at 204.941321 219.958923 180)
    (descr "Capacitor SMD 0603 (1608 Metric), square (rectangular) end terminal, IPC_7351 nominal, (Body size source: http://www.tortai-tech.com/upload/download/2011102023233369053.pdf), generated with kicad-footprint-generator")
    (tags capacitor)
    (path /5B8ABA26)
    (attr smd)
    (fp_text reference C3 (at 0 1.43 180) (layer B.SilkS)
      (effects (font (size 1 1) (thickness 0.15)) (justify mirror))
    )
    (fp_text value 1uF (at 0 -1.43 180) (layer B.Fab)
      (effects (font (size 1 1) (thickness 0.15)) (justify mirror))
    )
    (fp_line (start -0.8 -0.4) (end -0.8 0.4) (layer B.Fab) (width 0.1))
    (fp_line (start -0.8 0.4) (end 0.8 0.4) (layer B.Fab) (width 0.1))
    (fp_line (start 0.8 0.4) (end 0.8 -0.4) (layer B.Fab) (width 0.1))
    (fp_line (start 0.8 -0.4) (end -0.8 -0.4) (layer B.Fab) (width 0.1))
    (fp_line (start -0.162779 0.51) (end 0.162779 0.51) (layer B.SilkS) (width 0.12))
    (fp_line (start -0.162779 -0.51) (end 0.162779 -0.51) (layer B.SilkS) (width 0.12))
    (fp_line (start -1.48 -0.73) (end -1.48 0.73) (layer B.CrtYd) (width 0.05))
    (fp_line (start -1.48 0.73) (end 1.48 0.73) (layer B.CrtYd) (width 0.05))
    (fp_line (start 1.48 0.73) (end 1.48 -0.73) (layer B.CrtYd) (width 0.05))
    (fp_line (start 1.48 -0.73) (end -1.48 -0.73) (layer B.CrtYd) (width 0.05))
    (fp_text user %R (at 0 0 180) (layer B.Fab)
      (effects (font (size 0.4 0.4) (thickness 0.06)) (justify mirror))
    )
    (pad 1 smd roundrect (at -0.7875 0 180) (size 0.875 0.95) (layers B.Cu B.Paste B.Mask) (roundrect_rratio 0.25)
      (net 4 "Net-(C3-Pad1)"))
    (pad 2 smd roundrect (at 0.7875 0 180) (size 0.875 0.95) (layers B.Cu B.Paste B.Mask) (roundrect_rratio 0.25)
      (net 1 GND))
    (model ${KISYS3DMOD}/Capacitor_SMD.3dshapes/C_0603_1608Metric.wrl
      (at (xyz 0 0 0))
      (scale (xyz 1 1 1))
      (rotate (xyz 0 0 0))
    )
  )

  (module Capacitor_SMD:C_0603_1608Metric (layer B.Cu) (tedit 5B301BBE) (tstamp 5C2AE1ED)
    (at 215.851321 227.008923 180)
    (descr "Capacitor SMD 0603 (1608 Metric), square (rectangular) end terminal, IPC_7351 nominal, (Body size source: http://www.tortai-tech.com/upload/download/2011102023233369053.pdf), generated with kicad-footprint-generator")
    (tags capacitor)
    (path /5B8AC81A)
    (attr smd)
    (fp_text reference C4 (at 0 1.43 180) (layer B.SilkS)
      (effects (font (size 1 1) (thickness 0.15)) (justify mirror))
    )
    (fp_text value 0.1uF (at 0 -1.43 180) (layer B.Fab)
      (effects (font (size 1 1) (thickness 0.15)) (justify mirror))
    )
    (fp_text user %R (at 0 0 180) (layer B.Fab)
      (effects (font (size 0.4 0.4) (thickness 0.06)) (justify mirror))
    )
    (fp_line (start 1.48 -0.73) (end -1.48 -0.73) (layer B.CrtYd) (width 0.05))
    (fp_line (start 1.48 0.73) (end 1.48 -0.73) (layer B.CrtYd) (width 0.05))
    (fp_line (start -1.48 0.73) (end 1.48 0.73) (layer B.CrtYd) (width 0.05))
    (fp_line (start -1.48 -0.73) (end -1.48 0.73) (layer B.CrtYd) (width 0.05))
    (fp_line (start -0.162779 -0.51) (end 0.162779 -0.51) (layer B.SilkS) (width 0.12))
    (fp_line (start -0.162779 0.51) (end 0.162779 0.51) (layer B.SilkS) (width 0.12))
    (fp_line (start 0.8 -0.4) (end -0.8 -0.4) (layer B.Fab) (width 0.1))
    (fp_line (start 0.8 0.4) (end 0.8 -0.4) (layer B.Fab) (width 0.1))
    (fp_line (start -0.8 0.4) (end 0.8 0.4) (layer B.Fab) (width 0.1))
    (fp_line (start -0.8 -0.4) (end -0.8 0.4) (layer B.Fab) (width 0.1))
    (pad 2 smd roundrect (at 0.7875 0 180) (size 0.875 0.95) (layers B.Cu B.Paste B.Mask) (roundrect_rratio 0.25)
      (net 1 GND))
    (pad 1 smd roundrect (at -0.7875 0 180) (size 0.875 0.95) (layers B.Cu B.Paste B.Mask) (roundrect_rratio 0.25)
      (net 5 +5V))
    (model ${KISYS3DMOD}/Capacitor_SMD.3dshapes/C_0603_1608Metric.wrl
      (at (xyz 0 0 0))
      (scale (xyz 1 1 1))
      (rotate (xyz 0 0 0))
    )
  )

  (module Capacitor_SMD:C_0603_1608Metric (layer B.Cu) (tedit 5B301BBE) (tstamp 5C2AE1FE)
    (at 221.871321 227.008923 180)
    (descr "Capacitor SMD 0603 (1608 Metric), square (rectangular) end terminal, IPC_7351 nominal, (Body size source: http://www.tortai-tech.com/upload/download/2011102023233369053.pdf), generated with kicad-footprint-generator")
    (tags capacitor)
    (path /5B8AC8BE)
    (attr smd)
    (fp_text reference C5 (at 0 1.43 180) (layer B.SilkS)
      (effects (font (size 1 1) (thickness 0.15)) (justify mirror))
    )
    (fp_text value 0.1uF (at 0 -1.43 180) (layer B.Fab)
      (effects (font (size 1 1) (thickness 0.15)) (justify mirror))
    )
    (fp_line (start -0.8 -0.4) (end -0.8 0.4) (layer B.Fab) (width 0.1))
    (fp_line (start -0.8 0.4) (end 0.8 0.4) (layer B.Fab) (width 0.1))
    (fp_line (start 0.8 0.4) (end 0.8 -0.4) (layer B.Fab) (width 0.1))
    (fp_line (start 0.8 -0.4) (end -0.8 -0.4) (layer B.Fab) (width 0.1))
    (fp_line (start -0.162779 0.51) (end 0.162779 0.51) (layer B.SilkS) (width 0.12))
    (fp_line (start -0.162779 -0.51) (end 0.162779 -0.51) (layer B.SilkS) (width 0.12))
    (fp_line (start -1.48 -0.73) (end -1.48 0.73) (layer B.CrtYd) (width 0.05))
    (fp_line (start -1.48 0.73) (end 1.48 0.73) (layer B.CrtYd) (width 0.05))
    (fp_line (start 1.48 0.73) (end 1.48 -0.73) (layer B.CrtYd) (width 0.05))
    (fp_line (start 1.48 -0.73) (end -1.48 -0.73) (layer B.CrtYd) (width 0.05))
    (fp_text user %R (at 0 0 180) (layer B.Fab)
      (effects (font (size 0.4 0.4) (thickness 0.06)) (justify mirror))
    )
    (pad 1 smd roundrect (at -0.7875 0 180) (size 0.875 0.95) (layers B.Cu B.Paste B.Mask) (roundrect_rratio 0.25)
      (net 5 +5V))
    (pad 2 smd roundrect (at 0.7875 0 180) (size 0.875 0.95) (layers B.Cu B.Paste B.Mask) (roundrect_rratio 0.25)
      (net 1 GND))
    (model ${KISYS3DMOD}/Capacitor_SMD.3dshapes/C_0603_1608Metric.wrl
      (at (xyz 0 0 0))
      (scale (xyz 1 1 1))
      (rotate (xyz 0 0 0))
    )
  )

  (module Capacitor_SMD:C_0603_1608Metric (layer B.Cu) (tedit 5B301BBE) (tstamp 5C2AE20F)
    (at 224.881321 227.008923 180)
    (descr "Capacitor SMD 0603 (1608 Metric), square (rectangular) end terminal, IPC_7351 nominal, (Body size source: http://www.tortai-tech.com/upload/download/2011102023233369053.pdf), generated with kicad-footprint-generator")
    (tags capacitor)
    (path /5B8AC8EE)
    (attr smd)
    (fp_text reference C6 (at 0 1.43 180) (layer B.SilkS)
      (effects (font (size 1 1) (thickness 0.15)) (justify mirror))
    )
    (fp_text value 0.1uF (at 0 -1.43 180) (layer B.Fab)
      (effects (font (size 1 1) (thickness 0.15)) (justify mirror))
    )
    (fp_line (start -0.8 -0.4) (end -0.8 0.4) (layer B.Fab) (width 0.1))
    (fp_line (start -0.8 0.4) (end 0.8 0.4) (layer B.Fab) (width 0.1))
    (fp_line (start 0.8 0.4) (end 0.8 -0.4) (layer B.Fab) (width 0.1))
    (fp_line (start 0.8 -0.4) (end -0.8 -0.4) (layer B.Fab) (width 0.1))
    (fp_line (start -0.162779 0.51) (end 0.162779 0.51) (layer B.SilkS) (width 0.12))
    (fp_line (start -0.162779 -0.51) (end 0.162779 -0.51) (layer B.SilkS) (width 0.12))
    (fp_line (start -1.48 -0.73) (end -1.48 0.73) (layer B.CrtYd) (width 0.05))
    (fp_line (start -1.48 0.73) (end 1.48 0.73) (layer B.CrtYd) (width 0.05))
    (fp_line (start 1.48 0.73) (end 1.48 -0.73) (layer B.CrtYd) (width 0.05))
    (fp_line (start 1.48 -0.73) (end -1.48 -0.73) (layer B.CrtYd) (width 0.05))
    (fp_text user %R (at 0 0 180) (layer B.Fab)
      (effects (font (size 0.4 0.4) (thickness 0.06)) (justify mirror))
    )
    (pad 1 smd roundrect (at -0.7875 0 180) (size 0.875 0.95) (layers B.Cu B.Paste B.Mask) (roundrect_rratio 0.25)
      (net 5 +5V))
    (pad 2 smd roundrect (at 0.7875 0 180) (size 0.875 0.95) (layers B.Cu B.Paste B.Mask) (roundrect_rratio 0.25)
      (net 1 GND))
    (model ${KISYS3DMOD}/Capacitor_SMD.3dshapes/C_0603_1608Metric.wrl
      (at (xyz 0 0 0))
      (scale (xyz 1 1 1))
      (rotate (xyz 0 0 0))
    )
  )

  (module Capacitor_SMD:C_0603_1608Metric (layer B.Cu) (tedit 5B301BBE) (tstamp 5C2AE220)
    (at 230.901321 227.008923 180)
    (descr "Capacitor SMD 0603 (1608 Metric), square (rectangular) end terminal, IPC_7351 nominal, (Body size source: http://www.tortai-tech.com/upload/download/2011102023233369053.pdf), generated with kicad-footprint-generator")
    (tags capacitor)
    (path /5B8ACCEF)
    (attr smd)
    (fp_text reference C7 (at 0 1.43 180) (layer B.SilkS)
      (effects (font (size 1 1) (thickness 0.15)) (justify mirror))
    )
    (fp_text value 10uF (at 0 -1.43 180) (layer B.Fab)
      (effects (font (size 1 1) (thickness 0.15)) (justify mirror))
    )
    (fp_line (start -0.8 -0.4) (end -0.8 0.4) (layer B.Fab) (width 0.1))
    (fp_line (start -0.8 0.4) (end 0.8 0.4) (layer B.Fab) (width 0.1))
    (fp_line (start 0.8 0.4) (end 0.8 -0.4) (layer B.Fab) (width 0.1))
    (fp_line (start 0.8 -0.4) (end -0.8 -0.4) (layer B.Fab) (width 0.1))
    (fp_line (start -0.162779 0.51) (end 0.162779 0.51) (layer B.SilkS) (width 0.12))
    (fp_line (start -0.162779 -0.51) (end 0.162779 -0.51) (layer B.SilkS) (width 0.12))
    (fp_line (start -1.48 -0.73) (end -1.48 0.73) (layer B.CrtYd) (width 0.05))
    (fp_line (start -1.48 0.73) (end 1.48 0.73) (layer B.CrtYd) (width 0.05))
    (fp_line (start 1.48 0.73) (end 1.48 -0.73) (layer B.CrtYd) (width 0.05))
    (fp_line (start 1.48 -0.73) (end -1.48 -0.73) (layer B.CrtYd) (width 0.05))
    (fp_text user %R (at 0 0 180) (layer B.Fab)
      (effects (font (size 0.4 0.4) (thickness 0.06)) (justify mirror))
    )
    (pad 1 smd roundrect (at -0.7875 0 180) (size 0.875 0.95) (layers B.Cu B.Paste B.Mask) (roundrect_rratio 0.25)
      (net 5 +5V))
    (pad 2 smd roundrect (at 0.7875 0 180) (size 0.875 0.95) (layers B.Cu B.Paste B.Mask) (roundrect_rratio 0.25)
      (net 1 GND))
    (model ${KISYS3DMOD}/Capacitor_SMD.3dshapes/C_0603_1608Metric.wrl
      (at (xyz 0 0 0))
      (scale (xyz 1 1 1))
      (rotate (xyz 0 0 0))
    )
  )

  (module Capacitor_SMD:C_0603_1608Metric (layer B.Cu) (tedit 5B301BBE) (tstamp 5C2AE231)
    (at 233.911321 227.008923 180)
    (descr "Capacitor SMD 0603 (1608 Metric), square (rectangular) end terminal, IPC_7351 nominal, (Body size source: http://www.tortai-tech.com/upload/download/2011102023233369053.pdf), generated with kicad-footprint-generator")
    (tags capacitor)
    (path /5BCD1778)
    (attr smd)
    (fp_text reference C8 (at 0 1.43 180) (layer B.SilkS)
      (effects (font (size 1 1) (thickness 0.15)) (justify mirror))
    )
    (fp_text value 22pF (at 0 -1.43 180) (layer B.Fab)
      (effects (font (size 1 1) (thickness 0.15)) (justify mirror))
    )
    (fp_text user %R (at 0 0 180) (layer B.Fab)
      (effects (font (size 0.4 0.4) (thickness 0.06)) (justify mirror))
    )
    (fp_line (start 1.48 -0.73) (end -1.48 -0.73) (layer B.CrtYd) (width 0.05))
    (fp_line (start 1.48 0.73) (end 1.48 -0.73) (layer B.CrtYd) (width 0.05))
    (fp_line (start -1.48 0.73) (end 1.48 0.73) (layer B.CrtYd) (width 0.05))
    (fp_line (start -1.48 -0.73) (end -1.48 0.73) (layer B.CrtYd) (width 0.05))
    (fp_line (start -0.162779 -0.51) (end 0.162779 -0.51) (layer B.SilkS) (width 0.12))
    (fp_line (start -0.162779 0.51) (end 0.162779 0.51) (layer B.SilkS) (width 0.12))
    (fp_line (start 0.8 -0.4) (end -0.8 -0.4) (layer B.Fab) (width 0.1))
    (fp_line (start 0.8 0.4) (end 0.8 -0.4) (layer B.Fab) (width 0.1))
    (fp_line (start -0.8 0.4) (end 0.8 0.4) (layer B.Fab) (width 0.1))
    (fp_line (start -0.8 -0.4) (end -0.8 0.4) (layer B.Fab) (width 0.1))
    (pad 2 smd roundrect (at 0.7875 0 180) (size 0.875 0.95) (layers B.Cu B.Paste B.Mask) (roundrect_rratio 0.25)
      (net 105 GNDA))
    (pad 1 smd roundrect (at -0.7875 0 180) (size 0.875 0.95) (layers B.Cu B.Paste B.Mask) (roundrect_rratio 0.25)
      (net 104 "Net-(C8-Pad1)"))
    (model ${KISYS3DMOD}/Capacitor_SMD.3dshapes/C_0603_1608Metric.wrl
      (at (xyz 0 0 0))
      (scale (xyz 1 1 1))
      (rotate (xyz 0 0 0))
    )
  )

  (module Capacitor_SMD:C_0603_1608Metric (layer B.Cu) (tedit 5B301BBE) (tstamp 5C2AE242)
    (at 236.921321 227.008923 180)
    (descr "Capacitor SMD 0603 (1608 Metric), square (rectangular) end terminal, IPC_7351 nominal, (Body size source: http://www.tortai-tech.com/upload/download/2011102023233369053.pdf), generated with kicad-footprint-generator")
    (tags capacitor)
    (path /5BCD177F)
    (attr smd)
    (fp_text reference C9 (at 0 1.43 180) (layer B.SilkS)
      (effects (font (size 1 1) (thickness 0.15)) (justify mirror))
    )
    (fp_text value 22pF (at 0 -1.43 180) (layer B.Fab)
      (effects (font (size 1 1) (thickness 0.15)) (justify mirror))
    )
    (fp_line (start -0.8 -0.4) (end -0.8 0.4) (layer B.Fab) (width 0.1))
    (fp_line (start -0.8 0.4) (end 0.8 0.4) (layer B.Fab) (width 0.1))
    (fp_line (start 0.8 0.4) (end 0.8 -0.4) (layer B.Fab) (width 0.1))
    (fp_line (start 0.8 -0.4) (end -0.8 -0.4) (layer B.Fab) (width 0.1))
    (fp_line (start -0.162779 0.51) (end 0.162779 0.51) (layer B.SilkS) (width 0.12))
    (fp_line (start -0.162779 -0.51) (end 0.162779 -0.51) (layer B.SilkS) (width 0.12))
    (fp_line (start -1.48 -0.73) (end -1.48 0.73) (layer B.CrtYd) (width 0.05))
    (fp_line (start -1.48 0.73) (end 1.48 0.73) (layer B.CrtYd) (width 0.05))
    (fp_line (start 1.48 0.73) (end 1.48 -0.73) (layer B.CrtYd) (width 0.05))
    (fp_line (start 1.48 -0.73) (end -1.48 -0.73) (layer B.CrtYd) (width 0.05))
    (fp_text user %R (at 0 0 180) (layer B.Fab)
      (effects (font (size 0.4 0.4) (thickness 0.06)) (justify mirror))
    )
    (pad 1 smd roundrect (at -0.7875 0 180) (size 0.875 0.95) (layers B.Cu B.Paste B.Mask) (roundrect_rratio 0.25)
      (net 106 "Net-(C9-Pad1)"))
    (pad 2 smd roundrect (at 0.7875 0 180) (size 0.875 0.95) (layers B.Cu B.Paste B.Mask) (roundrect_rratio 0.25)
      (net 105 GNDA))
    (model ${KISYS3DMOD}/Capacitor_SMD.3dshapes/C_0603_1608Metric.wrl
      (at (xyz 0 0 0))
      (scale (xyz 1 1 1))
      (rotate (xyz 0 0 0))
    )
  )

  (module Capacitor_SMD:C_0603_1608Metric (layer B.Cu) (tedit 5B301BBE) (tstamp 5C2AE253)
    (at 74.965071 214.441423 180)
    (descr "Capacitor SMD 0603 (1608 Metric), square (rectangular) end terminal, IPC_7351 nominal, (Body size source: http://www.tortai-tech.com/upload/download/2011102023233369053.pdf), generated with kicad-footprint-generator")
    (tags capacitor)
    (path /5BCD179F)
    (attr smd)
    (fp_text reference C10 (at 0 1.43 180) (layer B.SilkS)
      (effects (font (size 1 1) (thickness 0.15)) (justify mirror))
    )
    (fp_text value 1uF (at 0 -1.43 180) (layer B.Fab)
      (effects (font (size 1 1) (thickness 0.15)) (justify mirror))
    )
    (fp_text user %R (at 0 0 180) (layer B.Fab)
      (effects (font (size 0.4 0.4) (thickness 0.06)) (justify mirror))
    )
    (fp_line (start 1.48 -0.73) (end -1.48 -0.73) (layer B.CrtYd) (width 0.05))
    (fp_line (start 1.48 0.73) (end 1.48 -0.73) (layer B.CrtYd) (width 0.05))
    (fp_line (start -1.48 0.73) (end 1.48 0.73) (layer B.CrtYd) (width 0.05))
    (fp_line (start -1.48 -0.73) (end -1.48 0.73) (layer B.CrtYd) (width 0.05))
    (fp_line (start -0.162779 -0.51) (end 0.162779 -0.51) (layer B.SilkS) (width 0.12))
    (fp_line (start -0.162779 0.51) (end 0.162779 0.51) (layer B.SilkS) (width 0.12))
    (fp_line (start 0.8 -0.4) (end -0.8 -0.4) (layer B.Fab) (width 0.1))
    (fp_line (start 0.8 0.4) (end 0.8 -0.4) (layer B.Fab) (width 0.1))
    (fp_line (start -0.8 0.4) (end 0.8 0.4) (layer B.Fab) (width 0.1))
    (fp_line (start -0.8 -0.4) (end -0.8 0.4) (layer B.Fab) (width 0.1))
    (pad 2 smd roundrect (at 0.7875 0 180) (size 0.875 0.95) (layers B.Cu B.Paste B.Mask) (roundrect_rratio 0.25)
      (net 105 GNDA))
    (pad 1 smd roundrect (at -0.7875 0 180) (size 0.875 0.95) (layers B.Cu B.Paste B.Mask) (roundrect_rratio 0.25)
      (net 107 "Net-(C10-Pad1)"))
    (model ${KISYS3DMOD}/Capacitor_SMD.3dshapes/C_0603_1608Metric.wrl
      (at (xyz 0 0 0))
      (scale (xyz 1 1 1))
      (rotate (xyz 0 0 0))
    )
  )

  (module Capacitor_SMD:C_0603_1608Metric (layer B.Cu) (tedit 5B301BBE) (tstamp 5C2AE264)
    (at 218.861321 227.008923 180)
    (descr "Capacitor SMD 0603 (1608 Metric), square (rectangular) end terminal, IPC_7351 nominal, (Body size source: http://www.tortai-tech.com/upload/download/2011102023233369053.pdf), generated with kicad-footprint-generator")
    (tags capacitor)
    (path /5BCD17AE)
    (attr smd)
    (fp_text reference C11 (at 0 1.43 180) (layer B.SilkS)
      (effects (font (size 1 1) (thickness 0.15)) (justify mirror))
    )
    (fp_text value 0.1uF (at 0 -1.43 180) (layer B.Fab)
      (effects (font (size 1 1) (thickness 0.15)) (justify mirror))
    )
    (fp_line (start -0.8 -0.4) (end -0.8 0.4) (layer B.Fab) (width 0.1))
    (fp_line (start -0.8 0.4) (end 0.8 0.4) (layer B.Fab) (width 0.1))
    (fp_line (start 0.8 0.4) (end 0.8 -0.4) (layer B.Fab) (width 0.1))
    (fp_line (start 0.8 -0.4) (end -0.8 -0.4) (layer B.Fab) (width 0.1))
    (fp_line (start -0.162779 0.51) (end 0.162779 0.51) (layer B.SilkS) (width 0.12))
    (fp_line (start -0.162779 -0.51) (end 0.162779 -0.51) (layer B.SilkS) (width 0.12))
    (fp_line (start -1.48 -0.73) (end -1.48 0.73) (layer B.CrtYd) (width 0.05))
    (fp_line (start -1.48 0.73) (end 1.48 0.73) (layer B.CrtYd) (width 0.05))
    (fp_line (start 1.48 0.73) (end 1.48 -0.73) (layer B.CrtYd) (width 0.05))
    (fp_line (start 1.48 -0.73) (end -1.48 -0.73) (layer B.CrtYd) (width 0.05))
    (fp_text user %R (at 0 0 180) (layer B.Fab)
      (effects (font (size 0.4 0.4) (thickness 0.06)) (justify mirror))
    )
    (pad 1 smd roundrect (at -0.7875 0 180) (size 0.875 0.95) (layers B.Cu B.Paste B.Mask) (roundrect_rratio 0.25)
      (net 108 +5VA))
    (pad 2 smd roundrect (at 0.7875 0 180) (size 0.875 0.95) (layers B.Cu B.Paste B.Mask) (roundrect_rratio 0.25)
      (net 105 GNDA))
    (model ${KISYS3DMOD}/Capacitor_SMD.3dshapes/C_0603_1608Metric.wrl
      (at (xyz 0 0 0))
      (scale (xyz 1 1 1))
      (rotate (xyz 0 0 0))
    )
  )

  (module Capacitor_SMD:C_0603_1608Metric (layer B.Cu) (tedit 5B301BBE) (tstamp 5C2AE275)
    (at 209.831321 227.008923 180)
    (descr "Capacitor SMD 0603 (1608 Metric), square (rectangular) end terminal, IPC_7351 nominal, (Body size source: http://www.tortai-tech.com/upload/download/2011102023233369053.pdf), generated with kicad-footprint-generator")
    (tags capacitor)
    (path /5BCD17B5)
    (attr smd)
    (fp_text reference C12 (at 0 1.43 180) (layer B.SilkS)
      (effects (font (size 1 1) (thickness 0.15)) (justify mirror))
    )
    (fp_text value 0.1uF (at 0 -1.43 180) (layer B.Fab)
      (effects (font (size 1 1) (thickness 0.15)) (justify mirror))
    )
    (fp_text user %R (at 0 0 180) (layer B.Fab)
      (effects (font (size 0.4 0.4) (thickness 0.06)) (justify mirror))
    )
    (fp_line (start 1.48 -0.73) (end -1.48 -0.73) (layer B.CrtYd) (width 0.05))
    (fp_line (start 1.48 0.73) (end 1.48 -0.73) (layer B.CrtYd) (width 0.05))
    (fp_line (start -1.48 0.73) (end 1.48 0.73) (layer B.CrtYd) (width 0.05))
    (fp_line (start -1.48 -0.73) (end -1.48 0.73) (layer B.CrtYd) (width 0.05))
    (fp_line (start -0.162779 -0.51) (end 0.162779 -0.51) (layer B.SilkS) (width 0.12))
    (fp_line (start -0.162779 0.51) (end 0.162779 0.51) (layer B.SilkS) (width 0.12))
    (fp_line (start 0.8 -0.4) (end -0.8 -0.4) (layer B.Fab) (width 0.1))
    (fp_line (start 0.8 0.4) (end 0.8 -0.4) (layer B.Fab) (width 0.1))
    (fp_line (start -0.8 0.4) (end 0.8 0.4) (layer B.Fab) (width 0.1))
    (fp_line (start -0.8 -0.4) (end -0.8 0.4) (layer B.Fab) (width 0.1))
    (pad 2 smd roundrect (at 0.7875 0 180) (size 0.875 0.95) (layers B.Cu B.Paste B.Mask) (roundrect_rratio 0.25)
      (net 105 GNDA))
    (pad 1 smd roundrect (at -0.7875 0 180) (size 0.875 0.95) (layers B.Cu B.Paste B.Mask) (roundrect_rratio 0.25)
      (net 108 +5VA))
